14.611 2.062
14.800 1.978
14.999 1.889
15.210 1.805
15.499 1.720
15.740 1.668
15.999 1.615
16.240 1.565
16.492 1.516
16.734 1.478
16.993 1.441
17.244 1.408
17.494 1.376
17.735 1.348
17.995 1.321
18.229 1.300
18.495 1.281
18.754 1.263
18.995 1.246
19.214 1.228
19.571 1.207
19.727 1.200
19.978 1.191
20.000 1.190
20.050 1.185
20.100 1.180
20.100 1.167
20.150 1.114
20.200 1.083
20.250 1.060
20.300 1.046
20.350 1.035
20.400 1.025
20.450 1.018
20.500 1.011
20.550 1.007
20.600 1.002
20.650 0.999
20.700 0.997
20.750 0.996
20.800 0.995
20.850 0.996
20.900 0.998
20.950 0.999
21.000 1.000
21.100 1.005
21.200 1.011
21.300 1.019
21.400 1.025
21.500 1.033
21.600 1.042
21.700 1.049
21.800 1.061
21.900 1.073
