n  V      B_V
11 17.403 0.544
13 18.473 0.671
13 18.079 0.510
12 18.500 0.0
14 19.678 0.685
15 18.278 0.477
16 18.065 0.518
18 18.314 0.619
19 19.262 0.0
20 19.324 0.913
21 17.692 0.609
21 19.233 0.826
21 17.636 0.538
24 19.104 0.634
25 18.272 0.541
25 19.460 0.563
28 17.294 0.642
27 18.771 0.0
30 17.802 0.583
31 19.395 0.893
32 19.018 0.760
35 16.824 0.735
35 18.112 0.518
36 19.767 0.0
38 19.796 0.595
39 17.805 0.532
40 17.347 0.531
40 18.032 0.496
43 19.556 0.696
46 18.998 0.0
45 18.152 0.642
46 18.998 0.764
47 18.425 0.512
48 19.461 0.552
49 18.413 0.646
49 18.078 0.596
52 18.278 0.647
49 19.530 0.0
51 18.358 0.761
57 17.838 0.465
60 17.334 0.560
61 17.195 0.602
63 18.351 0.608
64 19.610 0.0
64 19.633 0.601
66 19.194 0.499
68 13.382 0.981
70 18.141 0.679
72 19.561 0.0
74 18.068 0.0
75 17.924 0.590
80 19.201 0.0
81 18.492 0.769
82 19.475 0.0
86 19.639 0.0
86 18.659 0.822
87 19.108 0.585
87 19.365 0.994
88 19.569 0.0
89 18.764 0.645
90 19.393 0.755
89 19.557 0.792
94 17.283 0.624
94 17.645 0.0
99 17.461 0.540
100 19.006 0.776
102 17.036 0.0
103 16.820 0.0
104 17.863 0.490
104 17.833 0.526
105 14.037 0.889
107 19.320 0.806
110 18.148 0.551
111 18.458 0.600
110 17.235 0.0
110 19.010 0.767
113 17.782 0.483
113 19.656 0.0
116 17.183 0.666
119 18.982 0.547
121 19.201 0.692
124 19.305 0.617
128 18.805 0.517
129 18.649 0.0
131 16.930 1.504
132 18.253 0.560
133 18.056 0.0
134 18.578 0.533
133 16.294 0.0
135 19.275 0.675
136 19.183 0.662
136 18.419 0.666
136 18.762 0.0
136 19.649 0.737
138 17.598 0.515
138 18.667 0.783
146 18.991 0.530
147 18.154 0.566
147 19.022 0.842
148 18.027 0.517
150 19.750 0.0
152 19.316 0. 820
153 17.434 0.642
154 17.672 0.567
157 19.490 0.714
160 19.091 0.0
161 17.195 0.619
161 18.242 0.476
162 18.697 0.594
163 17.851 0.560
165 19.604 0.598
166 18.127 0.674
167 18.709 0.608
166 18.781 0.0
166 18.132 0.496
167 18.684 0.0
168 19.850 0.0
169 18.722 0.732
169 18.344 0.611
170 18.092 1.578
170 18.837 0.895
175 19.063 0.768
174 19.804 0.0
177 19.082 0.895
178 18.573 0.598
180 19.786 0.0
181 18.751 0.0
181 19.360 0.768
181 18.316 0.611
180 19.274 0.936
181 17.245 0.631
185 18.635 0.495
186 18.576 0.655
188 18.734 0.620
190 19.528 0.815
190 19.542 0.833
193 18.613 0.582
194 17.657 0.524
199 17.478 0.526
200 17.484 0.584
204 19.024 0.565
205 19.495 0.618
208 19.446 0.0
209 18.521 0.854
206 12.733 1.134
213 18.334 0.702
215 19.584 0.835
217 18.634 0.720
218 19.800 0.0
219 19.230 0.0
220 17.625 0.475
225 17.291 0.599
226 19.109 0.557
229 19.272 0.688
230 18.955 0.597
233 19.408 0.909
235 19.476 0.808
238 19.431 0.907
238 17.783 0.544
242 19.480 0.0
243 18.063 0.516
251 18.173 0.481
251 18.757 0.549
252 19.291 0.809
255 18.386 0.572
255 14.276 0.910
257 18.681 0.768
260 18.980 0.506
261 18.069 0.578
264 14.628 0.863
269 14.619 0.851
271 18.605 0.552
271 19.165 0.702
272 19.341 0.832
273 19.409 0.627
273 19.262 0.747
275 19.574 0.0
276 19.330 0.0
280 18.236 0.621
282 18.323 0.504
284 19.206 0.835
286 19.295 0.749
286 16.562 0.794
288 18.328 0.489
291 18.867 0.567
292 19.346 0.611
295 19.183 0.788
300 19.861 0.918
305 19.085 0.694
307 17.643 0.550
310 18.068 0.546
310 18.212 0.475
315 17.536 0.536
317 18.548 0.528
318 19.769 0.623
319 18.432 0.591
319 18.888 0.645
319 19.068 0.964
327 18.859 0.597
331 19.829 0.0
123 17.154 0.642
123 18.201 0.475
123 19.028 0.682
123 19.312 1.026
123 19.308 0.768
123 17.405 0.619
123 19.553 0.628
123 18.030 0.569
123 17.254 0.654
123 15.692 0.794
123 18.682 0.739
123 17.392 0.531
123 18.343 0.496
123 18.689 0.567
123 17.496 0.607
123 15.297 0.888
123 19.775 0.602
123 17.948 0.499
123 18.966 0.719
123 17.574 0.508
123 17.985 0.438
123 17.677 0.463
123 19.031 0.910
123 19.139 0.656
123 18.886 0.547
123 19.518 0.0
123 19.800 0.0
123 19.132 0.901
123 17.023 0.666
123 18.505 0.624
123 15.422 0.593
123 16.852 0.794
123 19.813 0.0
123 19.642 0.815
123 19.497 0.0
123 17.944 0.643
123 18.997 0.674
123 17.987 0.653
123 17.902 0.530
123 19.738 0.0
123 19.770 0.0
123 18.628 0.606
123 18.103 0.520
123 17.905 0.531
123 18.668 0.0
123 17.946 0.483
123 18.214 0.501
123 19.025 0.782
123 19.846 0.0
123 18.863 0.570
123 19.381 0.0
123 17.472 0.529
123 19.519 0.0
123 19.143 0.669
123 18.091 0.513
123 17.580 0.517
123 17.480 0.484
123 18.665 0.527
123 19.159 0.666
123 16.743 0.770
123 19.560 0.0
123 18.820 0.596
123 19.610 0.0
123 18.141 0.502
123 19.714 0.0
123 18.992 1.166
123 19.584 0.820
213 19.463 0.571
123 18.880 0.786
123 17.598 0.570
123 18.849 1.194
123 18.925 0.0
123 19.457 0.0
123 19.789 0.673
123 19.335 0.519
123 19.039 0.698
123 18.785 0.738
123 19.050 0.420
123 18.594 0.614
123 17.423 0.653
123 19.320 0.0
123 19.197 0.0
123 19.083 0.559
123 18.708 0.672
123 19.441 0.577
213 17.551 0.456
123 17.284 0.553
123 17.919 0.952
123 17.710 0.455
123 17.649 0.494
123 14.650 0.160
123 17.228 0.547
123 19.195 0.476
123 18.353 0.503
123 19.132 0.551
123 18.576 0.479
123 19.187 0.0
123 17.622 0.519
123 17.501 0.516
123 18.059 0.320
123 19.731 0.0
123 17.207 0.959
123 17.671 0.751
123 17.966 0.553
123 17.386 0.631
123 16.864 0.479
123 18.487 0.512
123 17.331 0.553
123 17.886 0.840
123 18.493 0.591
123 19.455 0.633
123 19.933 0.0
123 15.554 0.779
123 17.827 0.454
123 19.505 0.536
123 19.043 0.646
123 17.441 0.568
123 18.881 0.707
123 18.963 0.840
123 18.038 0.506
123 19.597 0.0
123 19.192 0.649
123 19.410 0.0
123 19.836 0.0
123 17.508 0.495
123 17.730 0.495
123 18.561 0.618
123 18.532 0.509
123 19.117 0.0
123 18.388 0.0
123 18.572 0.574
123 19.824 0.0
123 18.143 0.430
123 14.579 0.860
123 18.540 0.606
123 16.704 0.706
123 18.570 0.624
123 18.743 0.434
123 18.802 0.0
123 17.631 0.506
123 19.046 0.570
123 19.709 0.614
123 19.229 0.593
123 15.740 0.786
123 19.061 0.827
123 18.511 0.420
123 19.085 0.490
123 19.865 0.0
123 19.379 0.914
123 17.180 0.647
123 19.643 0.0
123 16.936 0.736
123 18.537 0.574
123 18.943 0.497
123 18.806 0.605
123 18.315 0.428
123 17.426 0.561
123 19.363 0.636
123 15.034 0.827
123 16.793 0.701
123 15.171 0.021
123 18.967 0.538
123 18.233 0.527
123 18.056 0.584
123 19.269 0.538
123 18.496 0.566
123 19.440 0.543
123 17.786 0.509
123 17.867 0.476
123 18.083 0.560
123 19.737 0.0
123 19.414 0.0
123 19.429 0.0
123 15.928 0.721
123 17.644 0.531
123 19.878 0.0
123 12.760 1.128
123 19.579 0.558
123 19.226 0.0
123 18.368 0.536
123 18.317 0.0
123 18.315 0.517
123 17.160 0.662
123 19.315 0.544
123 17.908 0.510
123 18.942 0.488
123 19.280 0.710
123 18.407 0.546
123 19.063 0.615
123 18.066 0.569
123 18.402 0.461
123 18.047 0.487
123 17.566 0.551
123 17.904 0.523
123 16.988 0.682
123 18.500 0.573
123 17.950 0.520
123 19.222 0.529
123 19.762 0.0
123 19.672 0.0
123 18.550 0.569
123 19.028 0.0
123 19.451 0.737
123 16.963 0.566
123 18.340 0.599
123 17.755 0.511
123 18.333 0.586
123 18.169 0.518
123 19.493 0.0
123 16.315 0.697
123 17.563 0.509
123 18.360 0.501
123 18.700 0.421
123 19.367 0.633
123 18.418 0.580
123 18.873 0.730
123 18.797 0.604
123 19.606 0.0
123 16.980 0.700
123 16.528 0.729
123 18.828 0.585
123 17.727 0.482
123 18.839 0.665
123 19.585 0.0
123 18.873 0.474
123 17.912 0.454
123 18.442 0.519
123 14.714 0.850
123 18.307 0.443
123 19.436 0.653
123 14.724 0.120
123 19.575 0.657
123 19.282 0.768
123 17.145 0.617
123 17.163 0.649
123 18.391 0.592
123 17.477 0.573
123 16.553 0.698
123 19.190 0.633
123 18.035 0.461
123 19.031 0.587
123 19.237 0.528
123 15.420 0.804
123 18.565 0.519
123 19.765 0.0
123 18.007 0.837
123 18.913 0.492
123 19.107 0.991
123 18.917 0.568
123 19.245 0.726
123 19.122 0.588
123 19.445 0.0
123 19.813 0.0
123 19.629 0.0
123 18.798 0.0
123 17.589 0.525
123 16.078 0.747
123 19.088 0.604
123 18.560 0.0
123 18.428 0.540
123 18.230 0.473
123 18.468 0.512
123 16.667 0.718
123 18.813 0.703
123 19.496 0.0
123 17.874 0.536
123 19.256 0.0
123 18.080 1.069
123 18.318 0.446
123 13.510 0.959
123 18.031 0.520
123 19.184 0.615
123 16.667 0.0
123 14.521 0.148
123 15.094 0.033
123 18.122 0.516
123 15.133 0.829
123 19.028 0.626
123 17.527 0.496
123 19.057 0.436
123 19.476 0.0
123 18.319 0.0
123 17.672 1.209
123 19.010 0.612
123 19.862 0.0
123 17.478 0.519
123 17.030 0.695
123 18.890 0.804
123 17.272 0.646
123 18.876 0.586
123 17.633 0.536
123 19.682 0.0
123 19.638 0.0
123 14.878 1.229
123 19.523 0.0
123 18.471 0.508
123 17.958 0.505
123 15.233 0.815
123 17.854 0.503
123 16.467 0.728
123 19.469 0.532
123 18.924 0.692
123 18.851 0.627
123 19.002 0.595
123 18.083 0.579
123 19.392 0.549
123 19.088 0.558
123 18.467 0.495
123 18.960 0.547
123 18.500 0.455
213 20.087 0.0
123 19.138 0.0
123 15.756 0.714
123 18.651 0.589
123 17.424 0.602
123 19.739 0.0
123 19.058 0.597
123 19.780 0.0
123 19.258 0.0
123 17.370 0.590
123 19.695 0.0
123 18.981 0.434
123 18.436 0.569
123 19.806 0.0
123 18.568 0.632
123 17.686 0.469
123 19.273 0.500
123 19.768 0.0
123 18.656 0.555
123 18.791 0.469
123 18.085 0.430
123 17.865 0.504
123 19.863 0.0
123 19.560 0.0
123 19.020 0.709
123 18.222 0.504
123 15.401 0.811
123 18.028 0.435
123 19.131 0.512
123 18.485 0.633
123 14.885 0.812
123 19.256 0.604
123 19.915 0.0
123 18.381 0.574
123 18.087 0.489
123 17.048 0.700
123 18.303 0.503
123 17.998 0.558
123 17.969 0.497
123 18.417 0.523
123 19.022 0.580
123 20.134 0.0
123 19.405 0.586
123 18.823 0.526
123 19.375 0.585
123 18.158 0.449
123 13.690 0.842
123 18.449 0.538
123 19.577 0.0
123 19.565 0.631
123 18.297 0.575
123 19.476 0.731
123 19.771 0.0
123 17.995 0.498
123 19.774 0.0
123 18.911 0.601
123 19.790 0.0
123 18.891 0.468
123 19.583 0.462
123 18.245 0.466
123 18.824 0.697
123 18.072 0.546
123 18.396 0.568
123 18.541 0.0
123 19.278 0.767
123 19.303 0.711
123 18.453 0.585
123 19.790 0.0
123 17.740 0.529
123 18.850 0.572
123 15.877 0.761
123 18.334 0.518
123 19.626 0.575
123 19.664 0.0
123 17.997 0.468
123 19.269 0.635
123 19.825 0.0
123 14.894 0.840
123 19.331 0.507
123 17.408 0.575
123 17.918 0.529
123 18.229 0.500
123 18.510 0.0
123 19.150 0.567
123 18.240 0.546
123 19.241 0.644
123 18.156 0.480
123 17.480 0.535
123 17.092 0.571
123 16.672 0.733
